96.50646209716797
92.1910400390625
93.7816390991211
96.38227081298828
94.32872772216797
94.51467895507812
96.18741607666016
96.23181915283203
93.7445068359375
94.66397094726562
95.91674041748047
96.1463623046875
96.27689361572266
94.82569885253906
95.65373992919922
95.46308898925781
94.82470703125
95.23529052734375
95.43777465820312
93.33369445800781
95.33872985839844
95.81090545654297
94.69184875488281
95.61009979248047
95.21001434326172
95.79942321777344
94.57068634033203
96.03424072265625
95.60851287841797
94.78823852539062
95.39938354492188
95.70243072509766
95.89617919921875
94.8963851928711
95.31084442138672
95.66100311279297
95.28209686279297
96.29531860351562
94.77782440185547
96.50720977783203
95.65303039550781
96.40986633300781
93.8886947631836
95.33963775634766
95.48419952392578
95.1058120727539
95.3880386352539
95.71949005126953
96.1675796508789
96.14971923828125
94.27345275878906
96.60005187988281
94.90367126464844
95.7894287109375
94.6644058227539
91.91807556152344
94.63861846923828
94.20768737792969
95.27117156982422
95.75251007080078
94.0698013305664
95.67190551757812
94.01537322998047
96.28685760498047
95.88275146484375
95.58686828613281
95.20437622070312
94.69107055664062
95.52831268310547
95.93467712402344
95.69983673095703
95.98461151123047
95.30697631835938
94.76068115234375
94.97747039794922
94.55416107177734
94.2996597290039
94.15973663330078
94.98251342773438
96.35482025146484
94.0308609008789
94.01530456542969
94.79362487792969
95.27658081054688
95.408935546875
94.43589782714844
96.1014175415039
95.31957244873047
94.81044006347656
94.26966857910156
97.25865936279297
94.82392883300781
94.75598907470703
95.87628173828125
93.52205657958984
95.69384002685547
96.7791976928711
95.46917724609375
95.24197387695312
95.60546875
95.94612884521484
95.76947021484375
94.06497192382812
93.95629119873047
94.5151596069336
95.2132568359375
94.42902374267578
94.9196548461914
94.52747344970703
93.69513702392578
95.62310028076172
96.38497924804688
94.88480377197266
95.39559936523438
94.68356323242188
95.06706237792969
96.13839721679688
95.44310760498047
94.92789459228516
93.43417358398438
94.4607925415039
94.61932373046875
94.95278930664062
96.01463317871094
94.76197052001953
